
QNHTL:EE:70,957,65,976,60,995,55,1013,50,1032,45,1051,40			//EE5000

QNHTL:EF:75,943,70,960,65,978,60,996,55,1013,50,1031,45,1051,40			//EF5000

QNHTL:EKCH,EKRK,EKRN:85,943,80,960,75,978,70,996,65,1014,60,1032,55,1051,50	//EK5000
QNHTL:EK:65,943,60,960,55,978,50,996,45,1014,40,1032,35,1051,30			//EK3000

QNHTL:ENBL,ENFL,ENSD:95,943,90,960,85,978,80,996,75,1014,70,1032,65,1051,60	//EN6000
QNHTL:ENAS,ENSA,ENSB:85,943,80,960,75,978,70,996,65,1014,60,1032,55,1051,50	//EN5000
QNHTL:EN:105,943,100,960,95,978,90,996,85,1014,80,1032,75,1051,70		//EN7000

QNHTL:ESUT:125,943,120,960,115,978,110,996,105,1014,100,1032,95,1051,90		//ES9000
QNHTL:ESKS,ESND,ESNQ,ESNZ:95,943,90,960,85,978,80,996,75,1014,70,1032,65,1051,60	//ES6000
QNHTL:ES:85,943,80,960,75,978,70,996,65,1014,60,1032,55,1051,50			//ES5000

QNHTL:ULLI:70,945,60,980,50							//ULLI
QNHTL:ULMM:70,979,60,1014,50							//ULMM

LEVELS:ESCF:05,10,15,20,21,25
LEVELS:ESDF:05,10,15,20,22,25
LEVELS:ESGJ:10,15,20,25,27,30
LEVELS:ESKN:05,10,15,20,21,25
LEVELS:ESKS:20,25,30,35,40,47,48,50
LEVELS:ESMK:05,10,15,20,22,25,26,30
LEVELS:ESMT:05,10,15,20,25,26,30
LEVELS:ESMX:10,15,20,25,26,30
LEVELS:ESNO:05,10,15,20,22,25,29,30
LEVELS:ESNQ:20,25,30,35,36,38,39,40
LEVELS:ESNX:15,20,22,25,30,32,35,37,40
LEVELS:ESNZ:15,20,22,25,28,30,35,36,40
LEVELS:ESOE:05,10,15,20,25,26,30
LEVELS:ESOW:05,10,15,20,21,25
LEVELS:ESPA:05,10,15,17,20
LEVELS:ESSB:05,10,15,20,22,25
LEVELS:ESSL:05,10,15,20,21,25
LEVELS:ESSP:05,10,15,20,21,25
LEVELS:ESSV:05,10,15,18,20,21,25